命名规则 我们以TAG36H11 为例, 解释其含义

TAG+比特数+H+最小汉明距离

比特数 格子数 (36 = 6*6 array)

越小代表可以在更远距离被识别

最小汉明距离(Minimum Hamming Distance)

最小汉明距离指的是, 编码与编码之间(二进制, 16 bit), 最少修改其中的几位bit数, 就可以变成另外一个id的Tag.

最小汉明距离越小, 就意味着校准信息留有的空间就越小, 那么假阳率(False Positive Rate) 也就越高

编码规则
工：fcc30c33f
广：13f820820
tag标码方式 16进制
[255, 255, 255, 255, 255, 255, 255, 255, 255, 255;
 255,   0,   0,   0,   0,   0,   0,   0,   0, 255;
 255,   0, 255, 255, 255, 255, 255, 255,   0, 255;
 255,   0,   0,   0, 255, 255,   0,   0,   0, 255;
 255,   0,   0,   0, 255, 255,   0,   0,   0, 255;
 255,   0,   0,   0, 255, 255,   0,   0,   0, 255;
 255,   0,   0,   0, 255, 255,   0,   0,   0, 255;
 255,   0, 255, 255, 255, 255, 255, 255,   0, 255;
 255,   0,   0,   0,   0,   0,   0,   0,   0, 255;
 255, 255, 255, 255, 255, 255, 255, 255, 255, 255]
 
   255, 255, 255, 255, 255, 255,   
   0,   0,   255, 255,   0,   0,  
   0,   0,   255, 255,   0,   0,   
   0,   0,   255, 255,   0,   0,   
   0,   0,   255, 255,   0,   0,   
   255, 255, 255, 255, 255, 255, 

   1, 1, 1, 1, 1, 1               16进制列表
   0, 0，1, 1, 0, 0                0        1        2         3          4
   0, 0，1, 1, 0, 0             0000      0001     0010      0011       0100
   0, 0，1, 1, 0, 0                5         6        7        8          9
   0, 0，1, 1, 0, 0             0101        0110   0111     1000         1001  
   1, 1, 1, 1, 1, 1                A         B        C        D          E      F     
每4位表示一个16进制数           1010        1011     1100     1101      1110     1111
则工字为 ：fcc30c33f
之后放入字典的格式应与代码的格式相同
